0.09375 0.03198 165
0.09375 0.03198 165
0.09375 0.03198 165
0.09375 0.03198 165
0.09375 0.03198 165
0.09375 0.03198 165
0.0625 0.0256 248
0.0625 0.0256 248
0.0625 0.0256 248
0.0625 0.0256 248
0.006248 0.04773 253
0.006248 0.04773 253
0.006248 0.04773 253
0.006248 0.04773 253
0.006248 0.04773 253
0.006248 0.04773 253
0.0 0.0 292
0.0 0.0 292
0.0 0.0 292
0.0 0.0 292
0.0 0.0 292
0.0 0.0 292
0.0 0.0 292
0.0 0.0 292
0.0 0.0 292
0.0 0.0 292
0.0 0.0 292
0.0 0.0 292
0.0 0.0 292
0.0 0.0 292
0.0 0.0 292
0.0 0.0 292
0.0 0.0 292
0.0 0.0 292
0.0 0.0 292
0.0 0.0 292
0.0 0.0 292
0.0 0.0 292
0.0 0.0 292
0.0 0.0 292
0.0 0.0 292
0.0 0.0 292
0.0 0.0 292
0.0 0.0 292
0.0 0.0 292
0.0 0.0 292
0.0 0.0 292
0.0 0.0 292
0.03125 0.0159 289
0.03125 0.0159 289
0.0 0.0001554 201
0.0 0.0001554 201
0.0 0.0001554 27
0.0 0.0001554 27
0.0625 0.006218 169
0.0625 0.006218 169
0.0 0.0001554 122
0.0 0.0001554 122
0.0 0.0001554 114
0.0 0.0001554 114
0.006248 0.02069 269
0.0625 0.01244 103
0.0625 0.01244 103
0.009369 0.01244 146
0.009369 0.01244 146
0.125 0.0636 79
0.125 0.0636 79
0.0 0.0001554 226
0.0 0.0001554 226
0.01874 0.01103 227
0.01874 0.01103 227
0.01874 0.01865 207
0.01874 0.01865 207
0.01874 0.01865 207
0.01874 0.01865 207
0.03125 0.0159 285
0.03125 0.0159 285
0.009369 0.0159 117
0.009369 0.0159 117
0.03125 0.0159 153
0.03125 0.0159 153
0.03125 0.0159 131
0.03125 0.0159 131
0.0 0.0001554 200
0.0 0.0001554 200
0.0 0.0001554 113
0.0 0.0001554 113
0.03125 0.0159 276
0.03125 0.0159 276
0.03125 0.0159 184
0.03125 0.0159 184
0.0 0.0001554 281
0.0 0.0001554 281
0.0 0.0001554 126
0.0 0.0001554 126
0.0 0.0001554 269
0.0 0.0001554 269
0.006248 0.04773 118
0.0 0.0001554 181
0.0 0.0001554 181
0.0 0.0001554 108
0.0 0.0001554 108
0.006248 0.04773 171
0.0 0.0001554 142
0.0 0.0001554 142
0.0 0.0001554 114
0.0 0.0001554 114
0.0 0.0001554 28
0.0 0.0001554 28
0.0625 0.01553 190
0.0625 0.01553 190
0.0625 0.01553 190
0.0625 0.01553 190
0.03125 0.0159 208
0.03125 0.0159 208
0.03125 0.0159 72
0.03125 0.0159 72
0.0006247 0.03339 195
0.0006247 0.03339 195
0.0625 0.0318 225
0.0625 0.0318 225
0.0625 0.0318 225
0.0625 0.0318 225
0.0625 0.0318 225
0.0625 0.0318 225
0.0625 0.0318 225
0.0625 0.0318 225
0.0625 0.0318 225
0.0625 0.0318 225
0.0625 0.0318 225
0.0625 0.0318 225
0.0625 0.0318 225
0.0625 0.0318 225
0.0625 0.0318 225
0.0625 0.0318 225
0.0625 0.0318 225
0.0625 0.0318 225
0.0625 0.0318 225
0.0625 0.0318 225
0.0625 0.0318 225
0.0625 0.0318 225
0.0625 0.0318 225
0.0625 0.0318 225
0.0625 0.0318 225
0.0625 0.0318 225
0.0625 0.0318 225
0.0625 0.0318 225
0.0625 0.0318 225
0.0625 0.0318 225
0.0625 0.0318 225
0.0625 0.0318 225
0.0625 0.0318 225
0.0625 0.0318 225
0.0625 0.0318 225
0.0625 0.0318 225
0.0625 0.0318 225
0.0625 0.0318 225
0.0625 0.0318 225
0.0625 0.0318 225
0.0625 0.0318 225
0.0625 0.0318 225
0.0625 0.0318 225
0.0625 0.0318 225
0.0625 0.0318 225
0.0625 0.0318 225
0.0625 0.0318 225
0.0625 0.0318 225
0.0625 0.0318 225
0.0625 0.0318 225
0.0625 0.0318 225
0.0625 0.0318 225
0.0625 0.0318 225
0.0625 0.0318 225
0.0625 0.0318 225
0.0625 0.0318 225
0.0625 0.0318 225
0.0625 0.0318 225
0.0625 0.0318 225
0.0625 0.0318 225
0.0625 0.0318 225
0.0625 0.0318 225
0.0625 0.0318 225
0.0625 0.0318 225
0.0625 0.0318 225
0.0625 0.0318 225
0.0625 0.0318 225
0.0625 0.0318 225
0.0625 0.0318 225
0.0625 0.0318 225
0.0625 0.0318 225
0.0625 0.0318 225
0.0625 0.0318 225
0.0625 0.0318 225
0.0625 0.0318 225
0.0625 0.0318 225
0.0625 0.0318 225
0.0625 0.0318 225
0.0625 0.0318 225
0.0625 0.0318 225
0.0625 0.0318 225
0.0625 0.0318 225
0.0625 0.0318 225
0.0625 0.0318 225
0.0625 0.0318 225
0.0625 0.0318 225
0.0625 0.0318 225
0.0625 0.0318 225
0.0625 0.0318 225
0.0625 0.0318 225
0.0625 0.0318 225
0.0625 0.0318 225
0.0625 0.0318 225
0.0625 0.0318 225
0.0625 0.0318 225
0.0625 0.0318 225
0.0625 0.0318 225
0.0625 0.0318 225
0.0625 0.0318 225
0.0625 0.0318 225
0.0625 0.0318 225
0.0625 0.0318 225
0.0625 0.0318 225
0.0625 0.0318 225
0.0625 0.0318 225
0.0625 0.0318 225
0.0625 0.0318 225
0.0625 0.0318 225
0.0625 0.0318 225
0.0625 0.0318 225
0.0625 0.0318 225
0.0625 0.0318 225
0.0625 0.0318 225
0.0625 0.0318 225
0.0625 0.0318 225
0.0625 0.0318 225
0.0625 0.0318 225
0.0625 0.0318 225
0.0625 0.0318 225
0.0625 0.0318 225
0.0625 0.0318 225
0.0625 0.0318 225
0.0625 0.0318 225
0.0625 0.0318 225
0.0625 0.0318 225
0.0625 0.0318 225
0.0625 0.0318 225
0.0625 0.0318 225
0.0625 0.0318 225
0.0625 0.0318 225
0.0625 0.0318 225
0.0625 0.0318 225
0.0625 0.0318 225
0.0625 0.0318 225
0.0625 0.0318 225
0.0625 0.0318 225
0.0625 0.0318 225
0.0625 0.0318 225
0.0625 0.0318 225
0.0625 0.0318 225
0.0625 0.0318 225
0.0625 0.0318 225
0.0625 0.0318 225
0.0625 0.0318 225
0.0625 0.0318 225
0.0625 0.0318 225
0.0625 0.0318 225
0.0625 0.0318 225
0.0625 0.0318 225
0.0625 0.0318 225
0.0625 0.0318 225
0.0625 0.0318 225
0.0625 0.0318 225
0.0625 0.0318 225
0.0625 0.0318 225
0.0625 0.0318 225
0.0625 0.0318 225
0.0625 0.0318 225
0.0625 0.0318 225
0.0625 0.0318 225
0.0625 0.0318 225
0.0625 0.0318 225
0.0625 0.0318 225
0.0625 0.0318 225
0.0625 0.0318 225
0.0625 0.0318 225
0.0625 0.0318 225
0.0625 0.0318 225
0.0625 0.0318 225
0.0625 0.0318 225
0.0625 0.0318 225
0.0625 0.0318 225
0.0625 0.0318 225
0.0625 0.0318 225
0.0625 0.0318 225
0.0625 0.0318 225
0.0625 0.0318 225
0.0625 0.0318 225
0.0625 0.0318 225
0.0625 0.0318 225
0.0625 0.0318 225
0.0625 0.0318 225
0.0625 0.0318 225
0.0625 0.0318 225
0.0625 0.0318 225
0.0625 0.0318 225
0.0625 0.0318 225
0.0625 0.0318 225
0.0625 0.0318 225
0.0625 0.0318 225
0.0625 0.0318 225
0.0625 0.0318 225
0.0625 0.0318 225
0.0625 0.0318 225
0.0625 0.0318 225
0.0625 0.0318 225
0.0625 0.0318 225
0.0625 0.0318 225
0.0625 0.0318 225
0.0625 0.0318 225
0.0625 0.0318 225
0.0625 0.0318 225
0.0625 0.0318 225
0.0625 0.0318 225
0.0625 0.0318 225
0.0625 0.0318 225
0.0625 0.0318 225
0.0625 0.0318 225
0.0625 0.0318 225
0.0625 0.0318 225
0.0625 0.0318 225
0.0625 0.0318 225
0.0625 0.0318 225
0.0625 0.0318 225
0.0625 0.0318 225
0.0625 0.0318 225
0.0625 0.0318 225
0.0625 0.0318 225
0.0625 0.0318 225
0.0625 0.0318 225
0.0625 0.0318 225
0.0625 0.0318 225
0.0625 0.0318 225
0.0625 0.0318 225
0.0625 0.0318 225
0.0625 0.0318 225
0.0625 0.0318 225
0.0625 0.0318 225
0.0625 0.0318 225
0.0625 0.0318 225
0.0625 0.0318 225
0.0625 0.0318 225
0.0625 0.0318 225
0.0625 0.0318 225
0.0625 0.0318 225
0.0625 0.0318 225
0.0625 0.0318 225
0.0625 0.0318 225
0.0625 0.0318 225
0.0625 0.0318 225
0.0625 0.0318 225
0.0625 0.0318 225
0.0625 0.0318 225
0.0625 0.0318 225
0.0625 0.0318 225
0.0625 0.0318 225
0.0625 0.0318 225
0.0625 0.0318 225
0.0625 0.0318 225
0.0625 0.0318 225
0.0625 0.0318 225
0.0625 0.0318 225
0.0625 0.0318 225
0.0625 0.0318 225
0.0625 0.0318 225
0.0625 0.0318 225
0.0625 0.0318 225
0.0625 0.0318 225
0.0625 0.0318 225
0.0625 0.0318 225
0.0625 0.0318 225
0.0625 0.0318 225
0.0625 0.0318 225
0.0625 0.0318 225
0.0625 0.0318 225
0.0625 0.0318 225
0.0625 0.0318 225
0.0625 0.0318 225
0.0625 0.0318 225
0.0625 0.0318 225
0.0625 0.0318 225
0.0625 0.0318 225
0.0625 0.0318 225
0.0625 0.0318 225
0.0625 0.0318 225
0.0625 0.0318 225
0.0625 0.0318 225
0.0625 0.0318 225
0.0625 0.0318 225
0.0625 0.0318 225
0.0625 0.0318 225
0.0625 0.0318 225
0.0625 0.0318 225
0.0625 0.0318 225
0.0625 0.0318 225
0.0625 0.0318 225
0.0625 0.0318 225
0.0625 0.0318 225
0.0625 0.0318 225
0.0625 0.0318 225
0.0625 0.0318 225
0.0625 0.0318 225
0.0625 0.0318 225
0.0625 0.0318 225
0.0625 0.0318 225
0.0625 0.0318 225
0.0625 0.0318 225
0.0625 0.0318 225
0.0625 0.0318 225
0.0625 0.0318 225
0.0625 0.0318 225
0.0625 0.0318 225
0.0625 0.0318 225
0.0625 0.0318 225
0.0625 0.0318 225
0.0625 0.0318 225
0.0625 0.0318 225
0.0625 0.0318 225
0.0625 0.0318 225
0.0625 0.0318 225
0.0625 0.0318 225
0.0625 0.0318 225
0.0625 0.0318 225
0.0625 0.0318 225
0.0625 0.0318 225
0.0625 0.0318 225
0.0625 0.0318 225
0.0625 0.0318 225
0.0625 0.0318 225
0.0625 0.0318 225
0.0625 0.0318 225
0.0625 0.0318 225
0.0625 0.0318 225
0.0625 0.0318 225
0.0625 0.0318 225
0.0625 0.0318 225
0.0625 0.0318 225
0.0625 0.0318 225
0.0625 0.0318 225
0.0625 0.0318 225
0.0625 0.0318 225
0.0625 0.0318 225
0.0625 0.0318 225
0.0625 0.0318 225
0.0625 0.0318 225
0.0625 0.0318 225
0.0625 0.0318 225
0.0625 0.0318 225
0.0625 0.0318 225
0.0625 0.0318 225
0.0625 0.0318 225
0.0625 0.0318 225
0.0625 0.0318 225
0.0625 0.0318 225
0.0625 0.0318 225
0.0625 0.0318 225
0.0625 0.0318 225
0.0625 0.0318 225
0.0625 0.0318 225
0.0625 0.0318 225
0.0625 0.0318 225
0.0625 0.0318 225
0.0625 0.0318 225
0.0625 0.0318 225
0.0625 0.0318 225
0.0625 0.0318 225
0.0625 0.0318 225
0.0625 0.0318 225
0.0625 0.0318 225
0.0625 0.0318 225
0.0625 0.0318 225
0.0625 0.0318 225
0.0625 0.0318 225
0.0625 0.0318 225
0.0625 0.0318 225
0.0625 0.0318 225
0.0625 0.0318 225
0.0625 0.0318 225
0.0625 0.0318 225
0.0625 0.0318 225
0.0625 0.0318 225
0.0625 0.0318 225
0.0625 0.0318 225
0.0625 0.0318 225
0.0625 0.0318 225
0.0625 0.0318 225
0.0625 0.0318 225
0.0625 0.0318 225
0.0625 0.0318 225
0.0625 0.0318 225
0.0625 0.0318 225
0.0625 0.0318 225
0.0625 0.0318 225
0.0625 0.0318 225
0.0625 0.0318 225
0.0625 0.0318 225
0.0625 0.0318 225
0.0625 0.0318 225
0.0625 0.0318 225
0.0625 0.0318 225
0.0625 0.0318 225
0.0625 0.0318 225
0.0625 0.0318 225
0.0625 0.0318 225
0.0625 0.0318 225
0.0625 0.0318 225
0.0625 0.0318 225
0.0625 0.0318 225
0.0625 0.0318 225
0.0625 0.0318 225
0.0625 0.0318 225
0.0625 0.0318 225
0.0625 0.0318 225
0.0625 0.0318 225
0.0625 0.0318 225
0.0625 0.0318 225
0.0625 0.0318 225
0.0625 0.0318 225
0.0625 0.0318 225
0.0625 0.0318 225
0.0625 0.0318 225
0.0625 0.0318 225
0.0625 0.0318 225
0.0625 0.0318 225
0.0625 0.0318 225
0.0625 0.0318 225
0.0625 0.0318 225
0.0625 0.0318 225
0.0625 0.0318 225
0.0625 0.0318 225
0.0625 0.0318 225
0.0625 0.0318 225
0.0625 0.0318 225
0.0625 0.0318 225
0.0625 0.0318 225
0.0625 0.0318 225
0.0625 0.0318 225
0.0625 0.0318 225
0.0625 0.0318 225
0.0625 0.0318 225
0.0625 0.0318 225
0.0625 0.0318 225
0.0625 0.0318 225
0.0625 0.0318 225
0.0625 0.0318 225
0.0625 0.0318 225
0.0625 0.0318 225
0.0625 0.0318 225
0.0625 0.0318 225
0.0625 0.0318 225
0.0625 0.0318 225
0.0625 0.0318 225
0.0625 0.0318 225
0.0625 0.0318 225
0.0625 0.0318 225
0.0625 0.0318 225
0.0625 0.0318 225
0.0625 0.0318 225
0.0625 0.0318 225
0.0625 0.0318 225
0.0625 0.0318 225
0.0625 0.0318 225
0.0625 0.0318 225
0.0625 0.0318 225
0.0625 0.0318 225
0.0625 0.0318 225
0.0625 0.0318 225
0.0625 0.0318 225
0.0625 0.0318 225
0.0625 0.0318 225
0.0625 0.0318 225
0.0625 0.0318 225
0.0625 0.0318 225
0.0625 0.0318 225
0.0625 0.0318 225
0.0625 0.0318 225
0.0625 0.0318 225
0.0625 0.0318 225
0.0625 0.0318 225
0.0625 0.0318 225
0.0625 0.0318 225
0.0625 0.0318 225
0.0625 0.0318 225
0.0625 0.0318 225
0.0625 0.0318 225
0.0625 0.0318 225
0.0625 0.0318 225
0.0625 0.0318 225
0.0625 0.0318 225
0.0625 0.0318 225
0.0625 0.0318 225
0.0625 0.0318 225
0.0625 0.0318 225
0.0625 0.0318 225
0.0625 0.0318 225
0.0625 0.0318 225
0.0625 0.0318 225
0.0625 0.0318 225
0.0625 0.0318 225
0.0625 0.0318 225
0.0625 0.0318 225
0.0625 0.0318 225
0.0625 0.0318 225
0.0625 0.0318 225
0.0625 0.0318 225
0.0625 0.0318 225
0.0625 0.0318 225
0.0625 0.0318 225
0.0625 0.0318 225
0.0625 0.0318 225
0.0625 0.0318 225
0.0625 0.0318 225
0.0625 0.0318 225
0.0625 0.0318 225
0.0625 0.0318 225
0.0625 0.0318 225
0.0625 0.0318 225
0.0625 0.0318 225
0.0625 0.0318 225
0.0625 0.0318 225
0.0625 0.0318 225
0.0625 0.0318 225
0.0625 0.0318 225
0.0625 0.0318 225
0.0625 0.0318 225
0.0625 0.0318 225
0.0625 0.0318 225
0.0625 0.0318 225
0.0625 0.0318 225
0.0625 0.0318 225
0.0625 0.0318 225
0.0625 0.0318 225
0.0625 0.0318 225
0.0625 0.0318 225
0.0625 0.0318 225
0.0625 0.0318 225
0.0625 0.0318 225
0.0625 0.0318 225
0.0625 0.0318 225
0.0625 0.0318 225
0.0625 0.0318 225
0.0625 0.0318 225
0.0625 0.0318 225
0.0625 0.0318 225
0.0625 0.0318 225
0.0625 0.0318 225
0.0625 0.0318 225
0.0625 0.0318 225
0.0625 0.0318 225
0.0625 0.0318 225
0.0625 0.0318 225
