0.09375 0.03198 165 lg 9
0.09375 0.03198 165 lg 52
0.09375 0.03198 165 lg 127
0.09375 0.03198 165 lg 66
0.09375 0.03198 165 lg 65
0.09375 0.03198 165 lg 112
0.0625 0.0256 248 lg 1
0.0625 0.0256 248 lg 137
0.0625 0.0256 248 lg 77
0.0625 0.0256 248 lg 119
0.006248 0.04773 253 sm 114
0.006248 0.04773 253 sm 0
0.006248 0.04773 253 sm 107
0.006248 0.04773 253 sm 68
0.006248 0.04773 253 sm 66
0.006248 0.04773 253 sm 0
0.0 0.0 292 sm 61
0.0 0.0 292 sm 102
0.0 0.0 292 sm 2
0.0 0.0 292 sm 140
0.0 0.0 292 sm 40
0.0 0.0 292 sm 129
0.0 0.0 292 sm 99
0.0 0.0 292 sm 5
0.0 0.0 292 sm 59
0.0 0.0 292 sm 89
0.0 0.0 292 sm 133
0.0 0.0 292 sm 114
0.0 0.0 292 sm 146
0.0 0.0 292 sm 93
0.0 0.0 292 sm 22
0.0 0.0 292 sm 65
0.0 0.0 292 sm 61
0.0 0.0 292 sm 17
0.0 0.0 292 sm 50
0.0 0.0 292 sm 50
0.0 0.0 292 sm 100
0.0 0.0 292 sm 145
0.0 0.0 292 sm 57
0.0 0.0 292 sm 49
0.0 0.0 292 sm 40
0.0 0.0 292 sm 50
0.0 0.0 292 sm 81
0.0 0.0 292 sm 50
0.0 0.0 292 sm 104
0.0 0.0 292 sm 30
0.0 0.0 292 sm 100
0.0 0.0 292 sm 55
0.03125 0.0159 289 md 55
0.03125 0.0159 289 md 80
0.0 0.0001554 201 sm 9
0.0 0.0001554 201 sm 11
0.0 0.0001554 27 sm 23
0.0 0.0001554 27 sm 16
0.0625 0.006218 169 lg 108
0.0625 0.006218 169 lg 92
0.0 0.0001554 122 sm 141
0.0 0.0001554 122 sm 18
0.0 0.0001554 114 sm 64
0.0 0.0001554 114 sm 92
0.006248 0.02069 269 sm 110
0.0625 0.01244 103 lg 107
0.0625 0.01244 103 lg 128
0.009369 0.01244 146 sm 136
0.009369 0.01244 146 sm 124
0.125 0.0636 79 lg 35
0.125 0.0636 79 lg 24
0.0 0.0001554 226 sm 121
0.0 0.0001554 226 sm 20
0.01874 0.01103 227 md 14
0.01874 0.01103 227 md 79
0.01874 0.01865 207 md 85
0.01874 0.01865 207 md 133
0.01874 0.01865 207 md 97
0.01874 0.01865 207 md 142
0.03125 0.0159 285 md 131
0.03125 0.0159 285 md 118
0.009369 0.0159 117 sm 94
0.009369 0.0159 117 sm 112
0.03125 0.0159 153 md 42
0.03125 0.0159 153 md 109
0.03125 0.0159 131 md 6
0.03125 0.0159 131 md 109
0.0 0.0001554 200 sm 47
0.0 0.0001554 200 sm 0
0.0 0.0001554 113 sm 119
0.0 0.0001554 113 sm 84
0.03125 0.0159 276 md 16
0.03125 0.0159 276 md 29
0.03125 0.0159 184 md 67
0.03125 0.0159 184 md 93
0.0 0.0001554 281 sm 101
0.0 0.0001554 281 sm 13
0.0 0.0001554 126 sm 112
0.0 0.0001554 126 sm 123
0.0 0.0001554 269 sm 104
0.0 0.0001554 269 sm 124
0.006248 0.04773 118 sm 2
0.0 0.0001554 181 sm 66
0.0 0.0001554 181 sm 126
0.0 0.0001554 108 sm 8
0.0 0.0001554 108 sm 15
0.006248 0.04773 171 sm 123
0.0 0.0001554 142 sm 136
0.0 0.0001554 142 sm 36
0.0 0.0001554 114 sm 111
0.0 0.0001554 114 sm 104
0.0 0.0001554 28 sm 116
0.0 0.0001554 28 sm 136
0.0625 0.01553 190 lg 109
0.0625 0.01553 190 lg 38
0.0625 0.01553 190 lg 107
0.0625 0.01553 190 lg 16
